6,2
121314151719002153982
121314151618115890230
1213141517192021548305
121314151719314122715
1213141517194001494373
12131415161850056367
1213141517196102192574
1213141517197121510260
121314151618815865551
1213141517199031091222
1214151617191002470122
12141516182011101860192
12141516182012031377307
121415161821131517108274
12141516182014111892316
121415161821151122115518
121415161821161424120528
1214151617191700148524
12141516182118151211267
1214151617191913756275
1214151617192013247508
12141516182021042152253
12141516182022011838508
1214151617192302752349
121415161821241420106510
121415161718250514492
12141516172026047101151
12141516172027012113223
121415161719280285129
1214151617202914211078
121415161821301522102276
121415161719311514876
12141516182032111792513
12141516182133031412194
1214151618193403175565
12141516182035142144181
12141516182036041081394
1214151617193702746285
12141516182038131722224
12141516182039021042517
12141516182040031013215
12141516182041101527220
12141516182042051178377
121415161821431220102107
12141516182144101111698
1214151617194502590593
1214151617194610822547
12141516182047141680548
1214151618204810254492
12141516172049002113586
12141516182050042193178
1214151617195113424569
12141516182052001336247
1214151618205310155491
12141516172054155116412
1214151618205505106857
1214151618195614246409
12141516182057002083199
12141516182058001017480
1214151618205905138843
1214151617206015612577
12141516172061048107512
121415161821620210100434
12141516172063037120528
1214151617196412047342
121415161718651389472
1214151617196614512571
1214151617196712222518
121415161821680116106338
121415161821691022103226
12141516182070122554148
12141516182071041552209
12141516182072111228110
12141516182073021819532
12141516182074031973506
12141516182075112343492
12141516182076121596151
1214151617197703674424
12141516182078112046106
1214151618207911234881
12141516172080005116385
1214151617198115654251
1214151617198200123150
12141516182083012228443
12141516182084142436377
12141516182085032314187
1214151617198600522492
121415161821870312115375
12141516182088011553227
12141516182089101850615
121415161718901106544
1214151618209104233892
121415161821921213110113
121415161821930313113359
12141516182094111681153
12141516182095101411349
12141516172096116117191
12141516182097032542309
121415161719980517264
1214151617199911498301
12151617192110010132346
121516171821101130123525
12151617192110204146672
1215161719211031416551
121516171921104051577220
121516171921105131132496
12151617182010614068579
121516171921107001691452
121516171921108122410469
1215161719221090119113125
121516171921110131998107
121516171921111022133339
121516171921112141340589
1215161718201130385920
121516171921114111294199
12151617192111504208841
121516171921116151781236
121516171921117122051565
121516171921118051618157
1215161719221191416102267
121516171921120042025258
121516171921121022095141
12151617182012212116511
121516171922123121612589
12151617182012410745136
121516171921125031720164
121516171921126012467490
121516171921127021742276
12151617182012803378231
12151617192012912133182
1215161718191300438483
12151617192113113136356
12151617192113203162384
121516171821133115106286
121516171921134031587211
12151617182013514189359
121516171921136051743468
121516171921137031581561
1215161718191380024594
12151617182013903179450
1215161718191401170203
121516171821141018100436
121516171921142001398323
121516171921143042511225
12151617182014412473405
121516171921145122580161
121516171921146131412378
12151617182014712274388
121516171921148011699248
121516171921149111617419
12151617182015001829184
1215161719221511517113143
121516171921152142046152
1215161718191530203582
12151617182015404260111
12151617182015501917449
121516171921156101478597
12151617192015704221426
121516171921158021740110
12151617192115915234171
12151617182016000140252
121516171921161131084539
121516171921162021622509
121516171821163150106397
12151617182016404971539
12151617192116504233446
1215161718201660511968
12151617182016711428465
121516171921168152150474
121516171921169151732144
1215161719221701521110589
121516171921171052338562
121516171921172111683180
121516171821173033112522
121516171921174042343551
12151617182017515350430
121516171921176121988155
1215161718201770412194
12151617182017803376376
121516171921179031577615
12151617182018003798297
1215161719221811116103240
1215161719221821422104272
12151617182018312326561
121516171921184032534524
1215161718201850293678
121516171921186012117439
12151617182018700058318
1215161719221881324106106
12151617182018913554299
121516171921190032165328
121516171921191131478276
12151617182019211531415
12151617182019314998366
121516171921194051059347
1215161719221950414118380
121516171921196101585413
121516171921197012252542
12151617182019810539386
121516171921199152319447
1215161719222001312120119
12151617182020111937281
121516171821202048122377
12151617182020312315265
12151617192020403203281
12151617182020503747591
12151617182020602346549
12151617182020714143514
121516171921208132563379
121516171921209021479221
12151617192021004174221
121516171921211031013416
12151617182021211053278
121516171921213101053616
12151617182021412481591
12151617182021511024188
12151617192121611177990
1215161719222170121101496
12151617182021801648393
121516171921219112484219
1215161719222201211102148
121516171921221102157293
12151617182022214818601
12151617182022300038135
121516171921224031357509
121516171921225022044595
12151617182022612142252
121516171921227121864238
12151617182022813011317
1215161719212290117681
12151617192123011133222
121516171921231122539330
12151617182023211667474
121516171921233021774521
121516171921234021828104
1215161719222350315123295
121516171821236156124353
12151617182023702570216
121516171921238051493228
12151617192123915229759
12151617192224001121177
121516171921241131010592
121516171921242131045435
12151617182024305114307
12151617182024414598593
12151617192024504179251
121516171921246111889201
1215161718202471148394
121516171921248112578169
121516171820249152853
12151617182025000227560
121516171921251022260390
121516171921252102462491
121516171921253051385466
121516171922254012012030
121516171921255001250136
121516171921256002066143
121516171921257121796201
121516171921258022026486
12151617192025902116383
12151617182026000125425
121516171921261052551519
1215161719222620114100391
121516171921263101438552
1215161719222640416118417
12151617182026503423488
121516171821266129125321
12151617192026712187598
12151617182026812785185
12151617182026902867601
121516171921270112117338
1215161719222710314119478
12151617182027210636272
1215161719212731011566
121516171921274142320500
1215161718192751221191
12151617192027611102276
121516171921277021328290
12151617182027810970304
121516171921279142435272
121516171921280131374550
12151617182028111283511
1215161719222820422107123
1215161719222830017117483
1215161719222840114112229
12151617182028501084413
1215161719222860415102400
12151617182028701947334
12151617182028801045472
121516171921289121476220
12151617192029013256229
121516171921291132416215
121516171819292140070
121516171921293042266236
121516171821294058121128
1215161719222950010123419
121516171921296101025616
121516171921297031091624
121516171820298027666
121516171921299111117170
1215161719223000114115227
121516171821301057103409
121516171921302152491320
121516171821303145112288
12151617182030413372279
12151617182030502619129
121516171821306014123191
1215161719223071112107182
121516171921308042464603
121516171921309051187250
12151617192131015124993
12151617182031110439202
121516171820312020399
1215161718203130039733
121516171921314111910212
12151617182031511836619
1215161719223160319115171
121516171921317012446590
1215161719223180422118400
12151617182031911024233
121516171821320142123500
121516171921321101065422
12151617182032215658257
121516171821323110102341
121516171921324121068125
121516171921325002354262
1215161718203260228997
121516171921327121887111
1215161718203281549853
12151617192032914212590
12151617182033003110346
12151617192133103229446
12151617182033212954383
121516171921333121113498
121516171921334052467595
121516171921335031916221
12151617182033602493146
121516171821337044123372
12151617182033812050225
121516171819339028510
121516171921340032328370
121516171921341101037360
1215161719223421518105551
121516171921343152498179
121516171921344101281288
12151617182034503910469
12151617182134612710261
121516171921347042120159
12151617182034801618604
12151617182034913841490
121516171921350041357427
121516171921351012152392
12151617182035214851122
12151617182035310746419
121516171821354014101602
1215161718193551245182
12151617182035615852572
121516171921357111968406
121516171921358052348126
121516171921359001819241
12151617182036004760549
12151617182036115260277
12151617192036213254379
12151617182036304685303
1215161719223640514117618
121516171921365121466378
12151617192036602161321
121516171921367142477451
1215161719203681111978
121516171921369111493435
1215161718203701417890
121516171921371041319411
121516171921372121564389
121516171921373111975374
12151617182037410265554
12151617182037512164214
121516171821376029115544
12151617182037705512236
1215161719223780012123454
1215161719223791524110247
121516171821380036105400
12151617182038101721375
121516171821382148116428
121516171921383151730409
121516171921384011549192
121516171821385145100289
121516171921386121096390
121516171921387012271500
121516171921388011359210
12151617182138910911638
12151617192139002133265
121516171921391051615597
121516171921392122235142
121516171921393012212444
12151617182039405890110
121516171821395000125172
1215161719223960516110390
12151617182039705831318
1215161718203981417039
121516171820399023201
1215161719224000423114312
1215161719214010119427
12151617182040210135345
121516171921403042573103
121516171921404041722221
121516171921405111547146
12151617182040615939413
121516171922407012510339
121516171921408012572605
121516171921409041025519
121516171922410131910891
121516171921411011296356
12151617182141201410626
121516171921413141792362
1215161718194141109458
12151617182041503295121
12151617192141613198727
12151617182141715812321
12151617182041812061309
121516171921419151672289
1215161718204201372073
12151617182042114986520
12151617182042215188449
12151617182042312138309
121516171921424141476236
12151617182042510970206
121516171921426152495401
1215161719224270113121257
12151617182042813917549
121516171921429001148228
12151617192143011132198
121516171921431151677467
12151617192043202164406
121516171922433102512377
12151617192243404101210
12151617182043502173319
12151617182043610140122
121516171821437150118228
12151617182043812086389
121516171821439117114410
12151617182044002228353
12151617182044104120486
12151617182044203255303
121516171921443052071218
12151617182044401598205
121516171921445141382438
12151617182144614612361
121516171921447101792602
121516171921448011176563
12151617182044905978454
121516171921450152010469
121516171921451101078453
121516171921452052411337
12151617192045311130200
121516171921454041929500
121516171921455002181273
121516171821456001121399
12151617182045702534494
121516171921458041478541
1215161719224591517105128
121516171921460122481613
12151617182046113941521
121516171921462012524517
12151617182046300714301
1215161718204640064980
121516171921465111527294
121516171921466011974614
121516171921467122546308
12151617182046804771348
121516171921469052578216
1215161718194700305486
121516171921471111961474
1215161718194720479402
1215161718204731181018
121516171921474011924119
12151617182147514711417
121516171921476021891123
121516171921477051348505
1215161719224780116121558
1215161718204790066029
12151617182048011734108
121516171921481122171260
121516171821482032117469
12151617182048302453151
12151617192148414164911
1215161719224850310115346
12151617182048603219463
12151617182048702594531
12151617192048810153584
1215161718204891357544
1215161719224901312112348
1215161718194910504541
12151617182049215428489
1215161718204930599859
121516171921494051167541
12151617192149510124729
12151617192149613176433
121516171821497134107492
121516171921498042127188
121516171820499105443
