6,2
121516171921500131537510
121516171921501011182471
12151617192050215190433
12151617192150313249040
121516171921504011217328
12151617182050502240238
121516171921506102134181
12151617192050703207326
12151617182050800890383
12151617182050902081119
1215161719225101018105132
121516171921511121476498
1215161719225121524102150
121516171921513112059484
12151617192151412233196
1215161719225151119120169
1215161718205161108982
1215161718195171466582
121516171921518102568287
1215161719225191418119540
121516171921520001695616
12151617192052104115305
1215161718205220131825
121516171821523051106387
121516171921524101949481
121516171921525041860191
121516171921526132176356
12151617182052711079623
12151617182052811580452
12151617182052912377363
121516171921530122368135
121516171921531001187505
121516171821532117123460
121516171921533051175259
121516171921534112035518
1215161718195350573171
121516171921536041541250
1215161719225370116123397
121516171921538021647317
121516171921539052247119
12151617192054015205491
121516171921541111898458
1215161719225420419115439
121516171921543132357233
12151617192154402154953
121516171921545141128303
121516171921546021283463
121516171821547049117347
121516171922548141211313
1215161719225491114106428
12151617182055013680341
121516171921551052189363
1215161719225521224119169
12151617182055315950376
12151617182055411593115
1215161719225550015105301
12151617182055614581145
121516171921557131412470
121516171821558122125382
12151617182055900634225
12151617182056011136325
12151617182056115081507
1215161718205621486981
1215161719225630015120345
1215161719225640316100482
1215161719225651216109322
1215161719225661211114144
121516171921567011056495
121516171921568051382295
121516171921569042488281
1215161719215700018642
12151617192057104231372
1215161718205721017450
12151617182057305835118
12151617182057403023459
121516171921575011473522
121516171921576111384211
12151617182057701316288
121516171921578111835380
121516171921579112227319
12151617182058014998272
12151617182058114923383
121516171921582022576485
12151617182058300416604
12151617182058412965102
12151617192158511257343
121516171821586141122339
12151617182058714654574
121516171921588022188577
1215161718205890361063
12151617192059005230191
12151617182059102640587
121516171921592051183134
121516171921593152055194
121516171921594121114585
12151617182059514732302
12151617182059610895499
121516171821597048116574
1215161718205981003732
12151617182059905187261
1215161719226000415100563
121516171921601021550479
121516171921602152510223
121516171921603001473165
12151617182060401150201
12151617182060503564377
1215161719226060225123285
121516171921607111424331
121516171921608121893550
121516171921609142550405
12151617182061001083320
12151617192261104241138
121516171921612021888180
121516171921613002475483
121516171922614112511375
1215161718206150379522
12151617192161615147894
12151617182161704211880
1215161719226181521100471
12151617182061911552127
12151617182062000820125
1215161719226210220104612
121516171921622031870602
1215161718206230566579
12151617182062402886562
121516171921625002140120
121516171921626042439542
12151617182062705360123
1215161719226280016103594
121516171921629112425151
121516171821630050115424
12151617182063105552273
121516171921632111511170
12151617182063315539462
12151617182063403319326
12151617182063501174114
121516171821636015109158
1215161718206370005443
121516171922638001310987
121516171921639032078550
12151617182064013576366
12151617182064103494371
1215161718196420092620
1215161718196430000167
121516171920644051478
12151617182064500810500
1215161719226461225108186
12151617182064700826560
1215161719226481215125610
121516171921649021449186
12151617182065005778439
12151617192165113236475
121516171921652011655410
1215161719226531413111405
12151617182065405044527
12151617182065512668531
121516171921656012086292
121516171921657022288532
12151617192165805123316
12151617192065904254300
12151617182066002328510
121516171921661141546621
121516171921662002565134
121516171921663141331614
1215161719226640423103136
121516171821665105121602
1215161719226661020105529
1215161718196671527257
12151617182066811486193
12151617182066912733117
1215161719226700421118570
12151617182067101658200
1215161718206720219198
121516171821673136118354
121516171821674051122136
1215161719226751223100487
12151617182067600675233
12151617192167705258454
121516171921678032532418
121516171921679041373472
1215161719226801510108423
12151617182068104134215
12151617182068215733341
1215161719226831519114198
12151617182068400057302
12151617182068505497401
1215161719226861123111265
12151617182068701697421
1215161719226880320117318
12151617192168904182345
121516171921690111018501
12151617192069103206301
121516171921692152020498
121516171921693011885449
1215161719226940423108555
12151617182069515274101
1215161719226961023124212
121516171921697001289270
12151617182069814929625
1215161719226991512123563
12151617182070002921207
12151617182070113822552
12151617182070204378541
12151617182070315810450
121516171921704051714145
12151617192170503246369
121516171921706151424461
12151617192170704178684
12151617182070812610620
121516171921709041997423
12151617182071010090275
121516171921711022255138
121516171820712125764
12151617182071312950358
121516171921714021849559
121516171921715031569157
12151617192171613166980
121516171921717011385461
12151617182071813594566
12151617182071902669187
12151617182072003011384
121516171921721102339228
12151617182172215112523
12151617192172310202886
121516171821724103114128
12151617192172514182216
121516171821726142120107
121516171821727127113248
121516171921728022063586
1215161718207291249736
121516171921730041213248
121516171821731144105425
12151617182073213796581
1215161718207331227187
121516171922734152410371
121516171921735051847416
12151617182073603457433
121516171921737021440432
121516171921738001220101
12151617182073903913290
12151617182074010389395
121516171921741021211508
12151617182074213371477
121516171821743149123156
12151617182074404699200
121516171921745052511464
121516171921746102338412
121516171921747101625467
1215161719227481114108318
1215161718197490147104
12151617192075002119129
1215161719227510313121195
12151617182075204033586
121516171921753022522348
1215161719227540516110174
121516171821755018104499
121516171921756151359442
121516171921757001269562
121516171921758041554150
1215161718197591069537
121516171921760022367130
121516171921761021796423
12151617182076200383485
1215161719207631325387
121516171921764052454282
121516171821765144120414
121516171921766051988624
1215161719227671310116493
121516171921768132094275
121516171921769002423175
12151617182077014283608
12151617192077114106488
121516171921772051467326
1215161719227731018104498
121516171821774135108449
1215161719227751510119494
121516171921776132395207
12151617182077702564615
121516171921778051915400
12151617192177914171980
121516171821780016104235
12151617182078113936198
12151617182078204628313
121516171821783113104209
12151617182078410189129
1215161719227851515114385
12151617182078612848419
12151617182078700517367
1215161719227881313125597
1215161718207891448910
121516171921790012229600
121516171921791031647473
121516171921792021419471
1215161719227931014122507
12151617182079410511471
121516171921795151089385
12151617182079613082293
121516171921797031432452
12151617182079805752330
121516171922799141912147
121516171921800111739262
121516171821801107125333
12151617192080202190147
12151617192180310159957
121516171921804102295477
12151617192080505229539
121516171921806012165464
1215161719228070020117571
1215161719208080225883
121516171921809011724297
121516171922810152111112
121516171821811006119564
121516171921812151879271
121516171921813131898321
121516171921814141218145
12151617182081500691582
12151617182181604612152
12151617182081715086320
121516171921818131225488
12151617182081912764325
121516171921820121669502
121516171921821041822248
12151617182082210817448
121516171921823141027334
121516171921824052428592
12151617182082501712205
12151617192182602186494
121516171921827011274171
12151617182082812185272
12151617182082912580224
121516171921830001014269
1215161719228310120113567
12151617182083215314456
12151617182083300820264
12151617182083402772553
121516171921835002212437
1215161719228361221101588
1215161718208370579214
121516171921838112191431
1215161718208391527784
1215161719228400218101324
1215161719218411217198
1215161719228421421115301
121516171921843111499542
1215161718198441088106
12151617182084511685383
1215161718198460188353
1215161719228471213101488
121516171921848022039107
121516171819849026261
1215161719228500416117381
121516171921851022371330
1215161719228521112125410
121516171921853041869340
121516171921854042074265
1215161719228551518116198
1215161719228560017111293
12151617192185702129862
121516171921858012549430
12151617192185900154654
12151617182186010410596
121516171921861001163540
12151617192086214232501
121516171921863112364176
1215161719228641323102423
12151617192086504161381
1215161718198661447275
121516171921867122143567
12151617192186804126793
121516171921869051783247
12151617182087012770274
121516171821871056100455
121516171921872031557606
1215161719228730212110601
121516171821874031111351
1215161718198751468366
12151617182087600128287
121516171921877022578396
121516171921878022438205
121516171821879036118392
121516171921880151836566
121516171921881041341396
121516171921882052237387
12151617192088313232409
1215161718208840093529
121516171921885001187596
12151617192188605199441
12151617182088714838590
12151617182088802729214
121516171921889151614194
121516171921890042534312
12151617192089111251156
12151617192189214164350
121516171921893101347268
121516171921894041243562
121516171921895011776289
12151617182089600578304
1215161719228971113110573
121516171921898031995525
1215161718208990449785
121516171821900044103360
121516171921901021377485
121516171921902141638338
121516171921903101717605
1215161719229041116121462
12151617182190513712454
1215161719219060018709
121516171921907011149507
12151617182090800580486
12151617182090903384302
12151617182091002791528
1215161718199110252615
12151617182091205610431
12151617182091315639472
121516171921914111583323
121516171819915026186
121516171921916101137481
1215161719229171217102581
121516171921918032262277
121516171921919031337605
12151617182092004733486
1215161718209211283251
1215161719229221016101395
121516171921923112154607
121516171921924021946251
121516171921925122437195
121516171821926111124312
121516171921927051999158
12151617182092802981376
1215161719209291115893
1215161719219300112627
1215161719229310114100625
12151617182093210794510
12151617182093305630219
1215161719229341313102478
12151617182093514844142
1215161719229361211118323
1215161718209370111584
1215161718199381043256
121516171921939121575200
121516171921940042287284
121516171921941032385191
121516171921942121420147
12151617182094302883529
121516171921944011783173
12151617192194513211349
121516171921946131792442
12151617182094700128503
121516171921948121833447
1215161719229490225101223
1215161719229501125108372
1215161718209510502116
121516171921952141485542
121516171921953122266107
121516171921954041727140
12151617182095501469101
1215161719229561023123542
12151617182095703356333
121516171921958041516220
1215161719229590218103580
121516171921960112371429
121516171921961142434187
1215161719229621316108450
12151617182096304079462
121516171921964131666358
1215161719229650011110498
12151617182096604458325
121516171821967125107505
121516171921968111566198
1215161719219691519191
121516171921970021851552
1215161719229710212109496
12151617182097212511453
12151617182097315150284
121516171821974125109338
12151617182097513690102
121516171921976141361173
121516171921977122068385
121516171921978011557219
121516171921979011185470
121516171921980041371200
12151617182198100111277
12151617182198204011352
12151617182098304979119
121516171921984141213178
12151617182098511135256
121516171921986151225469
121516171921987002195454
12151617182098801789107
1215161719229890512121213
121516171921990002327466
1215161718209910059082
12151617192199203205868
121516171921993021664110
12151617192099403240588
121516171921995041347444
121516171921996021847477
12151617192099711158427
121516171821998052106235
1215161718209991275611
